00000111101001100100110011011100110110011011011010
01100100011000101111001011111001110011110001101110
11101100110010101010000000010101110101011101111100
00111100111110010110000001001101001110001110011011
01001001100001011000011100001110000010001010011010
11010011001010101001001110110110001000110111101011
00111111011001011000010110001000111000100000000101
01111110100000100111000111100011010111101001110011
00000100000000111011011101010101000011010111110100
01100111100110010100111101111111011111110010111101
00100100001111010100100001011001001111000101001101
01010001100010000111110101011111010011001000010011
00101011110110111100000101001001101010100001011011
01011011000111001101010100111010101010111111101011
01110100100110100111010001111101100010011100010111
00000110110100000111100110101001000110101110100110
01100000001110001000010001011100110100011100100001
00101100110101001000110101110001111111001001011111
11001111100010111010111010011110100010110110011000
10111000101000010011111111000101110110110000011011
00111010000110110010101110100001110101100110101110
10001011111110110110001000111001100111110000010011
10010000000011010111111011101011101000100100101110
01100010111010010100001111110110010101010011011000
11010001111100001110110010100000011110110010101010
01010101000000010110001111110110000010010100111110
00110000110011110010101100100010111000001100000110
01011011111011100100001010000100011110101100101101
11000111000011011000110100000011110010001110100001
10001011011011110110011000000000110101011101101101
11000101101000010110110101111100101010100100101100
00110110010010100010100010100110010111010001101110
11001000110001010001110101011001001001000010100000
10111111110010000011110001011000111001011111111101
01001011110001000111011001111000010110101100011101
00000001100101111111111011001010110100100011001000
00000111100100010000001110100000000001101101111000
10101000100111000001110110010100010111100111100011
10110011000101111001110110110001010000111010001100
10100010100110110000001010011111100101001011101101
00111101001111101011001001000011101001101000001101
00110001101001101110010100010100111000101101000111
10000100111000110100010101110110111000100011000110
11100000101100011001101100101010011011111111111001
01110111000000001110011000111100110000110011001101
01000011000001011000000100011001110010101011111100
01101101101001000010101111010010111010010010101111
00111111011111000011111111101001000101101000100011
11010110000000100000011101101010100011100110101010
00110101111000011011001100001001000010111011010001
